0.000074
0.000094
0.0000114
0.0000134
0.000161
0.000295
0.000215
0.000134
0.000268
0.000349
0.000322
0.000188
0.000242
0.000295
0.000215
0.000242
0.000322
0.000403
0.000295
0.000268
0.000349
0.00043
0.000376
0.000268
0.000376
0.000456
0.00043
0.000322
0.000349
0.000456
0.000349
0.000322
0.00043
0.000403
0.000349
0.000537
0.000403
0.000413
0.000433
0.000564
0.000483
0.000403
0.000564
0.000511
0.000430
0.000521
0.000564
0.000456
0.000537
0.000752
0.000591
0.000537
0.000644
0.000698
0.000591
0.000644
0.000779
0.000698
0.000671
0.000832
0.000805
0.000725
0.000832
0.000886
0.000896
0.000752
0.00094
0.00102
0.000886
0.000896
0.001047
0.001128
0.001101
0.000993
0.001154
0.001262
0.001154
0.001262
0.001396
0.001369
0.001342
0.00153
0.001584
0.001476
0.001664
0.001772
0.001792
0.001879
0.002013
0.00204
0.002067
0.002309
0.002416
0.002443
0.002631
0.002926
0.003007
0.003195
0.003544
0.003731
0.003919
0.004403
0.004778
0.005101
0.005584
0.006174
0.006631
0.00706
0.007651
0.008161
0.008671
0.009074
0.009772
0.01028
0.01066
0.01111
0.01173
0.01219
0.01262
0.01305
0.01358
0.0142
0.0146
0.01506
0.01568
0.01621
0.0167
0.0171
0.01777
0.01823
0.01871
0.01914
0.01978
0.02043
0.02089
0.02137
0.02196
0.0226
0.02314
0.02357
0.02416
0.02483
0.02542
0.02593
0.02652
0.02722
0.02773
0.02829
0.02891
0.02964
0.03015
0.03071
0.03138
0.03213
0.03262
0.03329
0.03396
0.03463
0.03525
0.03592
0.0367
0.03726
0.03791
0.03868
0.03936
0.03997
0.0407
0.04148
0.04215
0.04282
0.0436
0.04443
0.0451
0.04574
0.04658
0.04736
0.04808
0.04872
0.0495
0.05039
0.05117
0.05187
0.05262
0.05353
0.05433
0.05503
0.05578
0.05664
0.05756
0.05836
0.05903
0.05997
0.06091
0.06164
0.06239
0.06335
0.06424
0.06499
0.0658
0.06671
0.06762
0.0684
0.06931
0.07028
0.07106
0.07184
0.07283
0.07382
0.07452
0.07544
0.07648
0.07731
0.07812
0.07919
0.08011
0.08091
0.0819
0.08293
0.08373
0.0847
0.08572
0.08655
0.08746
0.08856
0.0895
0.09031
0.09135
0.09237
0.09321
0.09425
0.09535
0.09621
0.09718
0.09815
0.09927
0.1002
0.101
0.1022
0.1033
0.1041
0.1051
0.1062
0.1072
0.1081
0.1091
0.1103
0.1112
0.1122
0.1133
0.1145
0.1153
0.1163
0.1175
0.1185
0.1195
0.1206
0.1217
0.1227
0.1238
0.1249
0.1259
0.127
0.1281
0.1291
0.1303
0.1314
0.1323
0.1335
0.1347
0.1357
0.1369
0.138
0.1391
0.1401
0.1414
0.1424
0.1435
0.1446
0.1459
0.1468
0.148
0.1492
0.1502
0.1514
0.1526
0.1537
0.1549
0.1561
0.1572
0.1583
0.1597
0.1607
0.1619
0.1631
0.1644
0.1655
0.1667
0.1679
0.1692
0.1703
0.1716
0.1729
0.174
0.1752
0.1766
0.1777
0.1788
0.1803
0.1815
0.1827
0.184
0.1853
0.1865
0.1878
0.189
0.1905
0.1917
0.193
0.1942
0.1957
0.1969
0.1981
0.1995
0.2008
0.2021
0.2032
0.2047
0.206
0.2074
0.2086
0.2101
0.2114
0.2125
0.214
0.2153
0.2166
0.2178
0.2193
0.2207
0.2219
0.2232
0.2246
0.2259
0.2272
0.2286
0.2301
0.2313
0.2326
0.2341
0.2354
0.2366
0.238
0.2395
0.2408
0.2421
0.2435
0.245
0.2463
0.2475
0.249
0.2506
0.2518
0.2532
0.2546
0.256
0.2573
0.2588
0.2603
0.2616
0.2628
0.2644