8.197206195
9.469206801
9.538329161
10.40591729
10.14088045
10.63264511
11.13357527
12.31390615
12.73545712
14.12042963
14.72775312
15.9399267
17.3097313
17.94082589
18.73892
19.61664903
20.2759373
20.57126257
22.14025791
22.42206062
22.7340188
23.4593908
24.85075835
24.96666485
25.79055374
27.1061949
27.53690574
28.13222427
28.19983244
28.95428981
30.06264442
31.46170471
32.20245975
32.81966879
34.00526998
35.17040018
36.31393727
37.15674376
38.39840552
40.11762821
41.77690913
43.47077097
45.83911197
47.43776422
49.4616754
51.56783943
53.42594913
56.13436435
58.25433949
60.71049468
63.44189946
65.88981488
69.69967774
72.14073613
75.27866105
78.68503234
81.67366552
85.35906149
88.53633417
92.49210509
96.03358712
100.6172676
104.563513
108.9895125
112.9918104
117.2844757
121.8884752
126.6870128
131.7301599
136.1041643
141.3013489
146.0014476
151.2640732
156.8419868
161.6123118
168.3762869
174.8364321
181.3172313
187.0670855
194.1669393
200.5393602
207.4381215
213.6133674
220.3960823
227.8892949
234.726964
241.017118
248.9392494
255.6899491
262.6828102
270.2582613
277.482915
284.3885226
291.5119222
298.6105518
305.5809366
312.859101
320.4175037
326.921359
333.5780706
339.3176204
342.1852821
348.5331741
354.7137605
357.7775509
361.4450963
367.3315745
370.6476753
376.8212967
379.7637603
383.2535885
389.6357931
392.7965106
395.6225512
402.3460858
405.5613527
408.1468692
414.9696091
418.3092545
420.5190541
427.3735994
430.7302586
433.4115019
439.3358186
443.3376817
446.3966604
452.1696494
455.8980653
458.8291913
461.9110315
468.4085808
470.8666643
474.3533621
477.5256914
481.0122834
486.4460198
489.7501764
492.854133
496.5441845
499.0611106
502.8120767
505.58341
509.0521892
515.334504
518.1744144
521.342123
524.2611442
527.4184816
530.3858285
533.8242988
537.3703117
540.2705304
540.476065
542.9117958
546.4358772
549.5473193
553.2552163
556.3730549
558.8944723
562.6369406
561.7201414
565.5335283
568.7786549
572.0328347
574.5374871
574.6227607
577.5592777
581.2615868
584.5899777
584.561034
587.5292039
590.1332888
590.5444905
593.4470567
596.7111403
596.3511599
599.6876878
600.0711166
603.2272293
605.9613781
606.1173645
608.9398324
609.7311036
612.2125018
612.042714
615.753926
615.5280664
619.1493897
619.1625861
621.4719759
621.5042156
624.6531696
625.1526305
624.6194042
628.4502814
627.8676726
630.9644735
631.0190416
631.5153652
634.3000191
634.2311022
634.6783116
637.7297932
637.0156319
638.1611924
641.0458264
641.2763226
641.1021813
643.5572007
644.4964563
644.4850569
644.9126053
647.2906631
646.6851486
646.6316567
647.0111862
650.2379486
650.2947484
650.5903791
649.8014576
652.7724261
653.0889908
654.0613697
653.7547509
656.390859
656.0297159
655.965823
656.6696209
655.8791698
655.8506642
659.3331373
659.1853857
659.0381792
659.707694
659.235829
659.0991822
659.7566799
662.2637641
662.5326562
662.5636637
662.9120622
662.2042918
662.7835017
662.2174947
662.8164992
665.9567851
665.7561732
666.076535
665.9639762
665.9570348
665.3257975
665.3545418
665.4263248
665.5585102
665.8381732
665.9009235
668.9076177
668.7504256
669.0348369
669.2322821
668.5674647
668.8594259
668.5339949
668.9526059
668.9575382
668.9657691
669.0212932
669.3187006
668.4571257
669.3593322
669.0792145
668.4078497
668.5570233
668.6974669
668.7051274
668.5707454
669.0538217
668.6814965
668.9357464
668.9285196
668.6784351
669.1434258
668.3847173
669.2553003
669.0409832
668.4071323
668.7929833
668.4816919
669.3188479
668.9657973
669.00708
668.7466391
668.8822313
668.9754576
669.1050628
669.1886975
668.5349154
669.3272266
668.7252745
668.6574052
668.4336698
668.5199206
668.4810126
669.0879624
669.2873584
669.2236923
668.6979927
665.4929226
666.1844347
665.6313608
666.0947794
665.514702
665.4706263
665.5976716
665.8466631
665.6327966
662.0876023
662.9274107
662.521613
662.3858797
662.9729168
662.6612975
663.0640994
659.4732719
658.9726299
659.0030366
658.9611028
656.7146986
656.3312378
656.4881723
656.5536769
653.4804387
652.6779087
653.1811609
649.8107474
650.3467259
650.4782135
646.6173937
646.4626444
643.6688145
643.9365508
643.6365339
640.6989587
640.9038145
637.887414
637.9290365
633.86475
634.1076448
630.8062209
631.2101805
628.1042357
628.2244448
624.7279908
621.8360055
621.893531
618.1925828
615.4330652
615.032434
612.3179367
609.7228452
605.9989845
606.3690648
603.1582542
599.7999213
596.7519161
593.2761451
593.3078702
590.0858331
587.4184763
584.210478
577.8563039
