Trial Number: Xerror: Yerror:
           1  -0.2245  -0.6000
           2   0.3485  -0.7110
           3   0.0445  -0.6850
           4  -0.1555  -0.2370
           5  -0.2315  -0.2780
           6  -0.1945  -1.0950
           7   0.0625  -0.4900
           8  -0.0595  -0.3770
           9  -0.0745  -0.4340
          10   0.0795  -0.0760
          11   0.2985   0.0340
          12  -0.0255  -0.3710
          13  -0.1065  -0.8030
          14   0.1465  -1.1170
          15   0.0835   0.0440
          16  -0.3825  -0.5420
          17   0.0085  -0.5170
          18  -0.0865  -1.0370
          19   0.4705  -0.5810
          20  -0.0215  -0.5210
